0,1,2,3,4,5,6
1,0,1930,1484,1096,991,1152
2,1930,0,684,1091,1211,1582
3,1484,684,0,459,1427,884
4,1096,1091,459,0,1046,808
5,991,1211,1427,1046,0,1619
6,1152,1582,884,808,1619,0
